2.598750591278076172e-01 4.623873829841613770e-01
7.727192640304565430e-01 9.638801813125610352e-01
2.764586210250854492e-01 9.662902355194091797e-01
7.231623530387878418e-01 4.539625048637390137e-01
4.714763909578323364e-02 7.245826721191406250e-01
4.360559582710266113e-02 2.144327163696289062e-01
5.382801890373229980e-01 7.540035247802734375e-01
4.999366700649261475e-01 2.061478048563003540e-01
1.146101765334606171e-02 4.667978882789611816e-01
2.862235307693481445e-01 7.337701320648193359e-01
1.937061175704002380e-02 9.588315486907958984e-01
7.736337184906005859e-01 7.002180814743041992e-01
7.830857634544372559e-01 2.174537926912307739e-01
4.918406009674072266e-01 5.305442810058593750e-01
2.613148391246795654e-01 2.032921165227890015e-01
5.390024781227111816e-01 9.573769569396972656e-01
5.802397727966308594e-01 3.496625125408172607e-01
4.190891385078430176e-01 3.683961033821105957e-01
6.422573924064636230e-01 1.033585742115974426e-01
3.839899599552154541e-01 1.052902638912200928e-01
1.389956772327423096e-01 5.854082703590393066e-01
4.040389657020568848e-01 8.497605323791503906e-01
8.843188881874084473e-01 8.160650134086608887e-01
8.970910906791687012e-01 1.029881313443183899e-01
1.446190476417541504e-01 8.803892880678176880e-02
6.323636174201965332e-01 6.113525032997131348e-01
8.593232035636901855e-01 5.505445599555969238e-01
9.010797739028930664e-01 3.072927296161651611e-01
1.818447262048721313e-01 3.364318609237670898e-01
1.558284461498260498e-01 8.424214124679565430e-01
6.734734773635864258e-01 8.640499711036682129e-01
3.236834108829498291e-01 5.919961333274841309e-01
8.499695062637329102e-01 4.262081384658813477e-01
6.406747698783874512e-01 2.336612641811370850e-01
3.793979287147521973e-01 2.284038662910461426e-01
1.690666526556015015e-01 7.176877260208129883e-01
4.348073005676269531e-01 6.801139116287231445e-01
3.022648394107818604e-01 3.263940215110778809e-01
4.465191811323165894e-02 3.520411550998687744e-01
9.074890613555908203e-01 6.925222277641296387e-01
9.813020229339599609e-01 5.943290591239929199e-01
5.061802864074707031e-01 8.478489518165588379e-02
6.101653575897216797e-01 4.875748753547668457e-01
1.271965205669403076e-01 4.439759254455566406e-01
7.186573743820190430e-01 3.274836838245391846e-01
7.712479233741760254e-01 9.896240383386611938e-02
3.837389051914215088e-01 4.830020070075988770e-01
6.572768688201904297e-01 7.357718348503112793e-01
4.339779019355773926e-01 9.504299163818359375e-01
1.181639451533555984e-02 8.283243775367736816e-01
8.928093314170837402e-01 9.181638360023498535e-01
6.483089923858642578e-01 9.695183634757995605e-01
1.510031074285507202e-01 2.222894281148910522e-01
2.737340033054351807e-01 8.487091064453125000e-01
7.548542022705078125e-01 5.562605261802673340e-01
2.784321308135986328e-01 9.472353011369705200e-02
7.807000279426574707e-01 8.269774317741394043e-01
5.204183459281921387e-01 8.586913347244262695e-01
1.312841624021530151e-01 9.469940066337585449e-01
5.283417105674743652e-01 6.308352947235107422e-01
1.851981878280639648e-02 1.027569919824600220e-01
4.867287576198577881e-01 3.000061213970184326e-01
2.348210960626602173e-01 6.439656019210815430e-01
8.893621563911437988e-01 2.005637288093566895e-01
5.127055048942565918e-01 4.312264621257781982e-01
6.575126647949218750e-01 3.985722661018371582e-01
7.051396369934082031e-01 1.748747676610946655e-01
2.330186367034912109e-01 5.549290180206298828e-01
8.289150893688201904e-02 5.238103866577148438e-01
3.773351907730102539e-01 7.457723617553710938e-01
9.425446391105651855e-01 3.982352912425994873e-01
8.138315081596374512e-01 3.484214544296264648e-01
3.379758298397064209e-01 4.055852293968200684e-01
4.162103831768035889e-01 5.752847194671630859e-01
2.029062509536743164e-01 2.819032967090606689e-02
7.986158132553100586e-01 4.881577491760253906e-01
8.469803333282470703e-01 6.420443058013916016e-01
3.540281355381011963e-01 2.502596192061901093e-02
3.545431792736053467e-01 9.264113903045654297e-01
6.026232242584228516e-01 9.008278846740722656e-01
7.405187934637069702e-02 8.850355744361877441e-01
5.688799619674682617e-01 5.591191053390502930e-01
7.259308099746704102e-01 6.328818798065185547e-01
9.374865889549255371e-01 2.338935807347297668e-02
4.576300084590911865e-01 7.855344414710998535e-01
6.176052689552307129e-01 8.041024804115295410e-01
2.121224403381347656e-01 9.112263321876525879e-01
8.289154618978500366e-02 7.936369180679321289e-01
8.354335427284240723e-01 4.086732491850852966e-02
8.448653221130371094e-01 7.383264899253845215e-01
4.396609365940093994e-01 1.549304723739624023e-01
5.612630248069763184e-01 1.536386758089065552e-01
9.371615052223205566e-01 5.314438343048095703e-01
6.717789173126220703e-02 6.421661972999572754e-01
6.020225286483764648e-01 6.828929185867309570e-01
1.052363067865371704e-01 2.892338335514068604e-01
7.497301697731018066e-02 3.878916054964065552e-02
7.203662395477294922e-01 3.673987463116645813e-02
6.778224110603332520e-01 5.266474485397338867e-01
1.705636680126190186e-01 5.089731216430664062e-01
4.100788235664367676e-01 2.958081364631652832e-01
3.600456118583679199e-01 6.627502441406250000e-01
7.078518867492675781e-01 7.876950502395629883e-01
4.443531930446624756e-01 4.533311352133750916e-02
9.444588422775268555e-01 7.581266164779663086e-01
8.187295794486999512e-01 8.961521983146667480e-01
2.103359848260879517e-01 1.174837499856948853e-01
5.587087273597717285e-01 2.664747238159179688e-01
5.786871314048767090e-01 4.475864395499229431e-02
8.311561346054077148e-01 1.410781890153884888e-01
9.821142554283142090e-01 2.921542227268218994e-01
7.680042088031768799e-02 1.509955376386642456e-01
3.131661117076873779e-01 2.556680142879486084e-01
3.280166685581207275e-01 1.599199771881103516e-01
7.089646458625793457e-01 9.290431737899780273e-01
2.045920491218566895e-01 4.046660065650939941e-01
2.415101230144500732e-01 2.839064002037048340e-01
8.847900629043579102e-01 4.842389523983001709e-01
7.160940170288085938e-01 2.441094219684600830e-01
9.554646611213684082e-01 1.697138398885726929e-01
8.267999291419982910e-01 2.811858654022216797e-01
2.219515442848205566e-01 7.929667234420776367e-01
9.693810939788818359e-01 6.662945747375488281e-01
4.357864260673522949e-01 4.330016970634460449e-01
1.151318177580833435e-01 3.553065955638885498e-01
3.022482693195343018e-01 5.221638083457946777e-01
3.195470869541168213e-01 7.991020083427429199e-01
6.335022300481796265e-02 4.235744774341583252e-01
4.600098729133605957e-01 8.888006806373596191e-01
1.980987191200256348e-01 1.793447881937026978e-01
7.561792731285095215e-01 3.947493731975555420e-01
5.161530971527099609e-01 3.618627786636352539e-01
9.445427656173706055e-01 2.331172823905944824e-01
6.252031922340393066e-01 1.667856276035308838e-01
2.693839669227600098e-01 3.994741439819335938e-01
5.105255246162414551e-01 6.951575875282287598e-01
2.296518534421920776e-01 7.125647664070129395e-01
9.644305109977722168e-01 8.982854485511779785e-01
5.497646927833557129e-01 5.038705468177795410e-01
6.393243074417114258e-01 3.032829463481903076e-01
1.667237877845764160e-01 6.452630162239074707e-01
5.748870372772216797e-01 4.333641827106475830e-01
2.936174273490905762e-01 6.584821939468383789e-01
2.520289421081542969e-01 3.484781980514526367e-01
9.036627411842346191e-01 6.124775409698486328e-01
6.854109764099121094e-01 6.786677241325378418e-01
9.648458957672119141e-01 3.457108139991760254e-01
7.340224981307983398e-01 8.701152205467224121e-01
4.482340216636657715e-01 2.485197037458419800e-01
7.647153735160827637e-01 2.840493917465209961e-01
1.062150150537490845e-01 7.044225335121154785e-01
1.308529675006866455e-01 7.658489942550659180e-01
2.969281375408172607e-01 3.961075842380523682e-02
3.235300481319427490e-01 8.742896318435668945e-01
1.418646126985549927e-01 2.885647676885128021e-02
8.088695406913757324e-01 5.908254981040954590e-01
5.000910162925720215e-01 2.089834958314895630e-02
6.854001879692077637e-01 5.897982120513916016e-01
6.235334277153015137e-01 5.477467179298400879e-01
4.756662845611572266e-01 5.842197537422180176e-01
7.765991091728210449e-01 1.633005142211914062e-01
4.455904960632324219e-01 4.901946187019348145e-01
2.787080407142639160e-02 5.235475301742553711e-01
5.592281818389892578e-01 8.118000030517578125e-01
7.641307711601257324e-01 7.732475399971008301e-01
7.218776941299438477e-01 7.276040911674499512e-01
1.436730287969112396e-02 4.571067169308662415e-02
3.259308338165283203e-01 4.671027362346649170e-01
8.707841038703918457e-01 9.760650396347045898e-01
7.055008411407470703e-01 1.014642566442489624e-01
5.918577313423156738e-01 7.532851696014404297e-01
6.424639225006103516e-01 4.671363905072212219e-02
5.484247207641601562e-01 9.060910344123840332e-01
6.646315455436706543e-01 4.675948917865753174e-01
4.499690830707550049e-01 6.304051280021667480e-01
5.863077044486999512e-01 1.060120463371276855e-01
1.511236727237701416e-01 3.907909095287322998e-01
1.459995210170745850e-01 1.603828966617584229e-01
6.746736913919448853e-02 5.818233489990234375e-01
2.917029708623886108e-02 7.761723399162292480e-01
4.742172956466674805e-01 7.338631153106689453e-01
1.633484065532684326e-01 2.822860479354858398e-01
3.712872564792633057e-01 3.328371345996856689e-01
3.612883090972900391e-01 5.478649735450744629e-01
2.110674083232879639e-01 8.563823699951171875e-01
9.434975981712341309e-01 8.492859601974487305e-01
8.958900570869445801e-01 3.643195331096649170e-01
5.046103596687316895e-01 1.460352838039398193e-01
3.987458646297454834e-01 7.929217219352722168e-01
2.541285455226898193e-01 1.414298862218856812e-01
9.332405924797058105e-01 4.569511711597442627e-01
8.303360939025878906e-01 7.944464087486267090e-01
7.985122799873352051e-01 4.255875945091247559e-01
5.872512459754943848e-01 2.092299759387969971e-01
2.174638509750366211e-01 2.353981733322143555e-01
7.014939934015274048e-02 9.380785226821899414e-01
5.385337471961975098e-01 3.167693614959716797e-01
4.416739940643310547e-01 9.750545024871826172e-02
4.670713543891906738e-01 3.927735686302185059e-01
5.928341746330261230e-01 9.584039449691772461e-01
7.992372661828994751e-02 9.556396305561065674e-02
7.937060594558715820e-01 6.501193046569824219e-01
2.718996107578277588e-01 6.040976643562316895e-01
3.355773687362670898e-01 8.763039857149124146e-02
1.057592630386352539e-01 1.973668634891510010e-01
9.512265920639038086e-01 7.978997379541397095e-02
1.960282921791076660e-01 5.982277989387512207e-01
3.835152983665466309e-01 1.669482141733169556e-01
3.752287328243255615e-01 6.036613583564758301e-01
8.752333521842956543e-01 8.710650801658630371e-01
1.595341116189956665e-01 8.959777355194091797e-01
2.080821245908737183e-01 4.659645855426788330e-01
4.627761840820312500e-01 8.395839333534240723e-01
6.065434813499450684e-01 8.520367741584777832e-01
5.367546901106834412e-02 2.697411477565765381e-01
7.476806640625000000e-01 5.064382553100585938e-01
8.763740658760070801e-01 2.513372302055358887e-01
1.865573823451995850e-01 9.562384486198425293e-01
9.374392628669738770e-01 9.484082460403442383e-01
8.304615616798400879e-01 1.951238811016082764e-01
4.247574508190155029e-01 7.516209483146667480e-01
3.984349071979522705e-01 9.004036188125610352e-01
5.782748460769653320e-01 6.369243860244750977e-01
5.208860039710998535e-01 5.670915842056274414e-01
2.500521540641784668e-01 5.137842893600463867e-02
8.327366709709167480e-01 8.500285148620605469e-01
4.837377369403839111e-01 9.477179050445556641e-01
5.043795108795166016e-01 8.073055148124694824e-01
2.754807472229003906e-01 8.988579511642456055e-01
6.606183648109436035e-01 3.468542993068695068e-01
3.334352970123291016e-01 7.154436707496643066e-01
6.755306571722030640e-02 4.747072458267211914e-01
4.998435080051422119e-01 4.820710420608520508e-01
7.830696105957031250e-01 4.156160727143287659e-02
8.185766935348510742e-01 9.389077872037887573e-02
8.107579350471496582e-01 5.372780561447143555e-01
6.571453213691711426e-01 9.213423132896423340e-01
2.567268610000610352e-01 5.086251497268676758e-01
8.955690860748291016e-01 7.609884738922119141e-01
8.896690011024475098e-01 5.028705298900604248e-02
2.291783131659030914e-02 4.116075038909912109e-01
4.010700285434722900e-01 9.891811609268188477e-01
8.283163309097290039e-01 6.901020407676696777e-01
1.048092842102050781e-01 8.465012907981872559e-01
3.574532568454742432e-01 2.697952389717102051e-01
3.872162699699401855e-01 4.318937361240386963e-01
4.365228712558746338e-01 1.987258344888687134e-01
8.286616802215576172e-01 9.460967779159545898e-01
9.314494729042053223e-01 8.031617999076843262e-01
1.751408129930496216e-01 7.655677795410156250e-01
7.113137841224670410e-01 3.746587932109832764e-01
1.174070313572883606e-01 6.350108981132507324e-01
9.113772511482238770e-01 1.518574655055999756e-01
1.346638500690460205e-01 5.401103496551513672e-01
5.406112670898437500e-01 2.248304635286331177e-01
9.464559555053710938e-01 6.248023509979248047e-01
6.658431887626647949e-01 1.515115648508071899e-01
1.968962848186492920e-01 6.795094013214111328e-01
2.655467391014099121e-02 1.604834794998168945e-01
5.480081439018249512e-01 6.707363128662109375e-01
9.013515114784240723e-01 4.246041476726531982e-01
7.599586844444274902e-01 9.182810783386230469e-01
2.359532192349433899e-02 8.738747835159301758e-01
5.039198398590087891e-01 9.034249782562255859e-01
6.045190691947937012e-01 2.735819816589355469e-01
9.034862518310546875e-01 5.640595555305480957e-01
4.364095926284790039e-01 5.350291728973388672e-01
3.593560755252838135e-01 8.266473412513732910e-01
4.063213169574737549e-01 6.424382328987121582e-01
8.039051294326782227e-01 7.545929551124572754e-01
6.779350638389587402e-01 2.727040946483612061e-01
9.817472100257873535e-02 3.949469923973083496e-01
7.365175485610961914e-01 1.376407146453857422e-01
3.111381232738494873e-01 2.042996436357498169e-01
2.737796902656555176e-01 7.862500548362731934e-01
9.622805714607238770e-01 7.147957682609558105e-01
6.005111336708068848e-01 3.940965831279754639e-01
5.652437806129455566e-01 7.141399383544921875e-01
3.066730499267578125e-01 9.319815039634704590e-01
4.462226331233978271e-01 3.243996500968933105e-01
3.971589207649230957e-01 5.740490555763244629e-02
5.466291308403015137e-01 3.958827257156372070e-01
2.341776788234710693e-01 9.588823914527893066e-01
5.350326299667358398e-01 4.984554275870323181e-02
1.159079819917678833e-01 1.241003870964050293e-01
7.596557140350341797e-01 3.420883715152740479e-01
1.238635182380676270e-01 4.946217238903045654e-01
5.242930352687835693e-02 8.277500867843627930e-01
3.920288085937500000e-01 6.924580335617065430e-01
1.861627101898193359e-01 5.544888377189636230e-01
6.419833898544311523e-01 6.559769511222839355e-01
8.522133827209472656e-01 3.754396140575408936e-01
6.607752442359924316e-01 7.983260750770568848e-01
9.889323115348815918e-01 2.472091764211654663e-01
8.396539837121963501e-02 2.372744232416152954e-01
1.981482058763504028e-01 7.383669912815093994e-02
7.017046809196472168e-01 9.758352041244506836e-01
9.573704600334167480e-01 1.246909946203231812e-01
2.792314887046813965e-01 5.619109272956848145e-01
6.682390570640563965e-01 2.004505097866058350e-01
8.602551221847534180e-01 3.310756981372833252e-01
5.121987462043762207e-01 2.587238848209381104e-01
6.813044548034667969e-01 6.483493000268936157e-02
3.474831283092498779e-01 5.061038732528686523e-01
8.106728643178939819e-02 3.288475871086120605e-01
7.401925325393676758e-01 1.943298280239105225e-01
1.366506069898605347e-01 3.177215754985809326e-01
7.574942111968994141e-01 5.983334183692932129e-01
9.387597441673278809e-01 2.893217802047729492e-01
6.214786767959594727e-01 4.399935603141784668e-01
7.689005732536315918e-01 4.582632184028625488e-01
8.513631820678710938e-01 5.960374474525451660e-01
1.736530363559722900e-01 4.416475296020507812e-01
6.896359920501708984e-01 4.268366992473602295e-01
1.367985308170318604e-01 6.744118332862854004e-01
4.869265258312225342e-01 6.573681235313415527e-01
8.212600350379943848e-01 2.345537245273590088e-01
7.041592597961425781e-01 8.359773755073547363e-01
2.420075386762619019e-01 7.538488507270812988e-01
3.280631080269813538e-02 6.716856360435485840e-01
2.944748699665069580e-01 3.663191199302673340e-01
5.361642837524414062e-01 1.192264780402183533e-01
3.281126320362091064e-01 9.677648544311523438e-01
1.168567091226577759e-01 8.915596604347229004e-01
8.587778806686401367e-01 7.790842652320861816e-02
3.837996423244476318e-01 3.874306678771972656e-01
2.130335755646228790e-02 6.318002939224243164e-01
8.397918939590454102e-01 4.937990605831146240e-01
3.934092521667480469e-01 9.445232748985290527e-01
9.210531115531921387e-01 8.868048787117004395e-01
1.931581199169158936e-01 8.183951377868652344e-01
2.854022681713104248e-01 2.864056527614593506e-01
7.335898876190185547e-01 6.799959540367126465e-01
2.631867825984954834e-01 2.480724602937698364e-01
3.470231592655181885e-02 9.196507334709167480e-01
3.547731637954711914e-01 1.951590925455093384e-01
2.111503928899765015e-01 5.164963006973266602e-01
9.108508378267288208e-02 9.804421663284301758e-01
2.609247863292694092e-01 6.842690706253051758e-01
6.023048162460327148e-01 3.185400366783142090e-01
9.684079289436340332e-01 5.052090287208557129e-01
5.677602887153625488e-01 8.661139607429504395e-01
2.383308708667755127e-01 4.284869134426116943e-01
7.035580277442932129e-02 6.831167340278625488e-01
8.697035908699035645e-01 6.733402609825134277e-01
3.240553736686706543e-01 7.557665705680847168e-01
3.044301569461822510e-01 1.287164539098739624e-01
3.056322969496250153e-02 5.633747577667236328e-01
6.814234256744384766e-01 6.376761198043823242e-01
9.551075100898742676e-01 5.671622157096862793e-01
8.541476726531982422e-02 7.433055043220520020e-01
7.775356769561767578e-01 8.817648291587829590e-01
5.264569520950317383e-01 1.776951253414154053e-01
3.280124068260192871e-01 6.414944529533386230e-01
6.292153596878051758e-01 7.627902030944824219e-01
7.014120817184448242e-01 4.979642629623413086e-01
6.076905727386474609e-01 6.945493817329406738e-02
2.070352137088775635e-01 3.050833344459533691e-01
6.364318728446960449e-01 8.775770664215087891e-01
7.137532830238342285e-01 5.503881573677062988e-01
9.717283248901367188e-01 7.891636490821838379e-01
7.929037213325500488e-01 3.124457001686096191e-01
5.949669480323791504e-01 5.923945307731628418e-01
8.694575428962707520e-01 1.602002680301666260e-01
1.195768415927886963e-01 2.498157620429992676e-01
6.490787267684936523e-01 8.353819847106933594e-01
9.096983075141906738e-01 6.517180204391479492e-01
9.870532155036926270e-01 1.955043673515319824e-01
4.232662171125411987e-02 9.898369908332824707e-01
3.659786880016326904e-01 8.637636303901672363e-01
2.379431724548339844e-01 9.130953997373580933e-02
5.851393938064575195e-01 5.195811390876770020e-01
2.993226945400238037e-01 4.303115308284759521e-01
1.243645027279853821e-01 8.120077252388000488e-01
1.803938597440719604e-01 2.463258504867553711e-01
7.439724802970886230e-01 8.329009413719177246e-01
2.096278965473175049e-01 3.655762076377868652e-01
9.775660037994384766e-01 3.803193271160125732e-01
3.248642683029174805e-01 6.784298419952392578e-01
4.162292480468750000e-01 1.226491928100585938e-01
7.248105406761169434e-01 2.860879898071289062e-01
3.421293497085571289e-01 3.681018054485321045e-01
2.896104454994201660e-01 1.713015139102935791e-01
3.984040021896362305e-01 5.217294096946716309e-01
7.477824091911315918e-01 6.225611642003059387e-02
8.130880594253540039e-01 9.898159503936767578e-01
8.216804265975952148e-01 4.564389288425445557e-01
4.741844832897186279e-01 4.488538205623626709e-01
7.942428588867187500e-01 3.828053772449493408e-01
4.137190431356430054e-02 3.100351989269256592e-01
2.876902520656585693e-01 4.871235191822052002e-01
6.907764077186584473e-01 7.527869343757629395e-01
3.338562250137329102e-01 3.066219687461853027e-01
6.169387698173522949e-01 2.066466026008129120e-02
4.677033424377441406e-01 1.278847604990005493e-01
5.512647628784179688e-01 6.000586152076721191e-01
6.139271259307861328e-01 1.301725059747695923e-01
3.558374643325805664e-01 7.884395122528076172e-01
1.073793694376945496e-01 6.219486892223358154e-02
4.778407514095306396e-01 5.988291651010513306e-02
8.804664611816406250e-01 7.251530289649963379e-01
4.110713899135589600e-01 2.550653517246246338e-01
4.556912779808044434e-01 9.844286441802978516e-01
6.988692879676818848e-01 8.928259015083312988e-01
4.269847869873046875e-01 8.190598487854003906e-01
8.639941215515136719e-01 2.887738347053527832e-01
9.011327028274536133e-01 5.252292752265930176e-01
5.493881106376647949e-01 4.662361741065979004e-01
3.563422262668609619e-01 1.291709095239639282e-01
6.501678824424743652e-01 5.034433603286743164e-01
6.772581338882446289e-01 2.587056532502174377e-02
6.370680332183837891e-01 6.985086798667907715e-01
9.273760318756103516e-01 3.292833864688873291e-01
4.695359170436859131e-01 1.777036488056182861e-01
9.636103510856628418e-01 9.744271039962768555e-01
9.984402358531951904e-02 5.530688166618347168e-01
7.228406071662902832e-01 5.863816738128662109e-01
7.488703727722167969e-01 9.999999776482582092e-03
2.409050911664962769e-01 8.367111682891845703e-01
7.520573735237121582e-01 2.478346526622772217e-01
5.060753822326660156e-01 7.711848616600036621e-01
6.800344586372375488e-01 3.165010511875152588e-01
6.655973941087722778e-02 1.893010288476943970e-01
3.136849403381347656e-01 8.373537063598632812e-01
5.634323954582214355e-01 9.863774776458740234e-01
9.230564236640930176e-01 1.877563893795013428e-01
1.712748408317565918e-01 1.143417581915855408e-01
9.799753427505493164e-01 7.486951947212219238e-01
6.237330436706542969e-01 3.524045646190643311e-01
1.604309976100921631e-01 4.765782058238983154e-01
3.657468557357788086e-01 7.122328877449035645e-02
2.447219192981719971e-01 8.837634921073913574e-01
9.354535341262817383e-01 4.921731650829315186e-01
4.005895182490348816e-02 7.518219202756881714e-02
4.716571569442749023e-01 3.547975718975067139e-01
9.047104716300964355e-01 8.504161238670349121e-01
4.821087718009948730e-01 6.177336573600769043e-01
3.414998948574066162e-01 2.287600040435791016e-01
8.584483861923217773e-01 9.224523305892944336e-01
9.632499814033508301e-01 4.258306622505187988e-01
1.322947442531585693e-02 7.018057703971862793e-01
8.971295356750488281e-01 9.538186192512512207e-01
9.255176186561584473e-01 7.271426916122436523e-01
5.068695545196533203e-01 3.964503407478332520e-01
7.575579285621643066e-01 7.304830551147460938e-01
9.313010424375534058e-02 6.046870350837707520e-01
6.211299300193786621e-01 9.351754188537597656e-01
3.576678931713104248e-01 4.504559934139251709e-01
9.105101227760314941e-01 2.617433071136474609e-01
2.649081051349639893e-01 9.320201277732849121e-01
1.685739606618881226e-01 5.851016193628311157e-02
3.138682842254638672e-01 5.581623315811157227e-01
1.823014616966247559e-01 1.484807878732681274e-01
3.631649315357208252e-01 9.704179167747497559e-01
7.932252883911132812e-01 2.613082826137542725e-01
4.439731538295745850e-01 7.157559990882873535e-01
6.747563481330871582e-01 1.205366849899291992e-01
8.573411703109741211e-01 4.592171907424926758e-01
6.027577519416809082e-01 7.189849615097045898e-01
7.925629019737243652e-01 1.323992460966110229e-01
5.284664630889892578e-01 5.334482192993164062e-01
4.743542894721031189e-02 1.243694424629211426e-01
9.037043452262878418e-01 1.263399329036474228e-02
7.092793583869934082e-01 2.090059816837310791e-01
8.664785027503967285e-01 7.800163030624389648e-01
9.783124923706054688e-01 5.363662838935852051e-01
2.002541869878768921e-01 7.376249432563781738e-01
5.788129568099975586e-01 2.407768368721008301e-01
8.702113032341003418e-01 5.164157748222351074e-01
5.889582633972167969e-01 1.747451126575469971e-01
1.741807609796524048e-01 9.889696836471557617e-01
3.238414525985717773e-01 5.777071416378021240e-02
5.378681421279907227e-01 7.862542271614074707e-01
4.068724513053894043e-01 6.100999116897583008e-01
4.483052194118499756e-01 2.863111495971679688e-01
4.154070913791656494e-01 3.323937654495239258e-01
4.693117141723632812e-01 6.879979372024536133e-01
6.241808086633682251e-02 3.789848089218139648e-01
2.978641986846923828e-01 7.026848196983337402e-01
4.869354963302612305e-01 8.694444894790649414e-01
1.029594093561172485e-01 6.682536005973815918e-01
4.357862174510955811e-01 8.596013188362121582e-01
2.361938655376434326e-01 1.371491048485040665e-02
7.968737483024597168e-01 9.409300684928894043e-01
1.637998521327972412e-01 8.031058311462402344e-01
2.367217838764190674e-01 3.888086974620819092e-01
8.587449193000793457e-01 2.139931023120880127e-01
5.553616881370544434e-01 9.172506630420684814e-02
2.624498009681701660e-01 3.097037971019744873e-01
4.249022156000137329e-02 4.503864943981170654e-01
7.792264223098754883e-01 5.179630517959594727e-01
5.019339323043823242e-01 3.304513394832611084e-01
6.463449597358703613e-01 5.715993642807006836e-01
4.173808097839355469e-01 4.067785739898681641e-01
5.783540606498718262e-01 4.812032878398895264e-01
1.119625568389892578e-01 1.573592424392700195e-01
4.348375499248504639e-01 9.142186641693115234e-01
1.660330295562744141e-01 1.907352209091186523e-01
9.734568595886230469e-01 9.317891597747802734e-01
8.009390830993652344e-01 7.187294363975524902e-01
9.211307764053344727e-01 6.326958537101745605e-02
1.975396722555160522e-01 6.304035186767578125e-01
7.378149628639221191e-01 9.561394453048706055e-01
4.784635305404663086e-01 2.429600358009338379e-01
7.260941267013549805e-01 4.135286509990692139e-01
1.363069415092468262e-01 7.252127528190612793e-01
7.650468945503234863e-01 6.659931540489196777e-01
5.576729178428649902e-01 1.885065287351608276e-01
6.909600496292114258e-01 7.208103537559509277e-01
5.324566960334777832e-01 9.900000095367431641e-01
7.947286963462829590e-01 7.952138185501098633e-01
2.442154437303543091e-01 6.148777604103088379e-01
9.752750992774963379e-01 8.582409024238586426e-01
8.233923316001892090e-01 3.972550630569458008e-01
5.833368301391601562e-01 9.271430373191833496e-01
6.321815252304077148e-01 2.003719210624694824e-01
7.989713549613952637e-01 8.569350242614746094e-01
5.156434774398803711e-01 6.001470685005187988e-01
7.858814597129821777e-01 6.170191168785095215e-01
1.774407625198364258e-01 3.698338866233825684e-01
1.660994887351989746e-01 6.130770444869995117e-01
1.062729861587285995e-02 3.293157517910003662e-01
3.657556176185607910e-01 7.138529419898986816e-01
1.889652460813522339e-01 2.146115303039550781e-01
7.889600396156311035e-01 7.274609804153442383e-02
6.387565732002258301e-01 2.695144116878509521e-01
8.828554749488830566e-01 3.959336280822753906e-01
3.835152685642242432e-01 5.714378952980041504e-01
4.122569561004638672e-01 7.175950407981872559e-01
7.372773885726928711e-01 9.874758869409561157e-02
7.870645523071289062e-01 5.651344060897827148e-01
1.032165884971618652e-01 4.703297615051269531e-01
5.957205593585968018e-02 7.670540809631347656e-01
4.135392308235168457e-01 4.599580466747283936e-01
4.593127369880676270e-01 5.574313402175903320e-01
9.580371975898742676e-01 2.054502367973327637e-01
2.368024438619613647e-01 1.803321838378906250e-01
6.763434410095214844e-01 2.383230030536651611e-01
8.119134902954101562e-01 1.677764654159545898e-01
2.091334909200668335e-01 2.670060098171234131e-01
5.140312910079956055e-01 7.248178124427795410e-01
6.088392138481140137e-01 6.492957472801208496e-01
2.891323268413543701e-01 8.144931793212890625e-01
3.965346515178680420e-02 4.936753809452056885e-01
8.204597234725952148e-01 6.251642704010009766e-01
6.399087607860565186e-02 5.523516535758972168e-01
1.610881090164184570e-01 9.325563311576843262e-01
6.823699474334716797e-01 9.479547739028930664e-01
4.001347720623016357e-01 2.030254453420639038e-01
1.434193700551986694e-01 9.792865514755249023e-01
9.336466789245605469e-01 5.948870182037353516e-01
5.462958663702011108e-02 6.114862561225891113e-01
