2.506878972053527832e-01 4.249125719070434570e-01
7.926099896430969238e-01 9.802687168121337891e-01
2.511216998100280762e-01 9.826279282569885254e-01
7.595443129539489746e-01 5.087791681289672852e-01
2.558521926403045654e-02 7.661937475204467773e-01
1.775262132287025452e-02 1.886208802461624146e-01
5.338169336318969727e-01 7.841649651527404785e-01
5.316236019134521484e-01 1.814407408237457275e-01
2.102850849041715264e-04 4.790201783180236816e-01
2.675016820430755615e-01 7.712365388870239258e-01
6.105050910264253616e-03 9.767040014266967773e-01
8.006364703178405762e-01 7.128309011459350586e-01
8.018714785575866699e-01 1.817626804113388062e-01
5.467182993888854980e-01 5.836927890777587891e-01
2.476356178522109985e-01 1.740117669105529785e-01
5.371470451354980469e-01 9.712871909141540527e-01
5.799170136451721191e-01 2.954572439193725586e-01
4.683007001876831055e-01 3.471192419528961182e-01
6.634007096290588379e-01 1.008581221103668213e-01
3.173575401306152344e-01 1.102227047085762024e-01
1.080454662442207336e-01 6.420351862907409668e-01
4.297240972518920898e-01 8.778061270713806152e-01
9.019451141357421875e-01 8.362174034118652344e-01
9.135046601295471191e-01 7.926568388938903809e-02
1.527586430311203003e-01 8.392701297998428345e-02
6.185305118560791016e-01 6.876448392868041992e-01
8.747839927673339844e-01 5.469015836715698242e-01
9.005838632583618164e-01 2.933400273323059082e-01
1.453362703323364258e-01 3.004774153232574463e-01
1.349851638078689575e-01 8.828700780868530273e-01
6.742088198661804199e-01 8.806565999984741211e-01
3.463653028011322021e-01 6.112567186355590820e-01
8.772280216217041016e-01 4.735192656517028809e-01
7.090812325477600098e-01 1.895475238561630249e-01
3.948237001895904541e-01 1.979259848594665527e-01
1.441699117422103882e-01 7.636016011238098145e-01
5.074795484542846680e-01 7.102297544479370117e-01
2.862330675125122070e-01 2.915003001689910889e-01
1.972484961152076721e-02 3.103615939617156982e-01
9.208321571350097656e-01 7.009212374687194824e-01
9.951811432838439941e-01 5.896571874618530273e-01
5.215063095092773438e-01 8.009523898363113403e-02
5.819213986396789551e-01 5.199492573738098145e-01
1.094653829932212830e-01 4.445700049400329590e-01
7.510825991630554199e-01 2.924901843070983887e-01
7.898284196853637695e-01 9.218634665012359619e-02
4.009166359901428223e-01 4.509268999099731445e-01
6.618834733963012695e-01 7.687494158744812012e-01
3.543704450130462646e-01 9.619094133377075195e-01
5.241800565272569656e-03 8.731824159622192383e-01
9.117922186851501465e-01 9.291085004806518555e-01
6.759338974952697754e-01 9.858897328376770020e-01
2.273563444614410400e-01 1.874845921993255615e-01
2.648804485797882080e-01 8.690702915191650391e-01
7.876344323158264160e-01 5.907967090606689453e-01
3.001807332038879395e-01 8.239740878343582153e-02
7.992895841598510742e-01 8.507469892501831055e-01
5.112719535827636719e-01 8.877457976341247559e-01
1.015691161155700684e-01 9.626966714859008789e-01
4.771535098552703857e-01 6.068712472915649414e-01
1.227614586241543293e-03 7.977776974439620972e-02
4.391468465328216553e-01 2.795512676239013672e-01
2.232664525508880615e-01 6.898460984230041504e-01
9.055029749870300293e-01 1.484127491712570190e-01
5.002542734146118164e-01 4.409944117069244385e-01
6.871008872985839844e-01 3.489949107170104980e-01
7.052325010299682617e-01 1.455800384283065796e-01
2.163790017366409302e-01 5.578040480613708496e-01
5.644560977816581726e-02 5.834035277366638184e-01
3.703351318836212158e-01 7.773640751838684082e-01
9.518771767616271973e-01 3.595430254936218262e-01
8.441714644432067871e-01 3.514138162136077881e-01
3.382202386856079102e-01 4.172028601169586182e-01
4.193574190139770508e-01 6.431246995925903320e-01
1.780991405248641968e-01 3.129990072920918465e-03
8.235263824462890625e-01 5.097354650497436523e-01
9.074573516845703125e-01 6.679059267044067383e-01
4.304844439029693604e-01 5.327993072569370270e-03
3.378046154975891113e-01 9.344409704208374023e-01
6.306571960449218750e-01 9.119617342948913574e-01
5.367574095726013184e-02 9.137808680534362793e-01
5.314723253250122070e-01 4.880025684833526611e-01
7.566273808479309082e-01 7.005900740623474121e-01
9.594965577125549316e-01 8.490642532706260681e-03
3.868966400623321533e-01 8.154612779617309570e-01
6.401914358139038086e-01 8.282942175865173340e-01
1.889829337596893311e-01 9.262211322784423828e-01
5.850019305944442749e-02 8.433878421783447266e-01
8.644599914550781250e-01 2.879786863923072815e-02
8.604902029037475586e-01 7.548105120658874512e-01
4.388903081417083740e-01 1.299358308315277100e-01
6.173881292343139648e-01 1.240813136100769043e-01
9.411702752113342285e-01 6.068989634513854980e-01
4.454221948981285095e-02 6.676167249679565430e-01
6.151298284530639648e-01 7.074417471885681152e-01
8.553647994995117188e-02 2.616145908832550049e-01
4.184718430042266846e-02 7.039372343569993973e-03
7.549407482147216797e-01 2.540462091565132141e-02
7.020952701568603516e-01 5.961326956748962402e-01
1.513824015855789185e-01 4.987130463123321533e-01
4.480164051055908203e-01 2.818590104579925537e-01
3.724334239959716797e-01 6.916881203651428223e-01
7.253484129905700684e-01 8.176314830780029297e-01
4.439847171306610107e-01 2.370501309633255005e-02
9.573885202407836914e-01 7.786551713943481445e-01
8.299365639686584473e-01 9.043053388595581055e-01
1.827809661626815796e-01 1.026431471109390259e-01
5.650424361228942871e-01 2.383705675601959229e-01
6.048572659492492676e-01 2.766179293394088745e-02
8.377024531364440918e-01 1.065606102347373962e-01
9.956216812133789062e-01 2.598361074924468994e-01
5.479640513658523560e-02 1.306588053703308105e-01
3.137222826480865479e-01 2.217366844415664673e-01
3.521584272384643555e-01 1.370907276868820190e-01
7.286100983619689941e-01 9.376410841941833496e-01
1.735295504331588745e-01 3.591013550758361816e-01
2.177024781703948975e-01 2.634568512439727783e-01
9.206504821777343750e-01 4.198292791843414307e-01
7.164499759674072266e-01 1.942642480134963989e-01
9.720455408096313477e-01 1.194472834467887878e-01
8.523781895637512207e-01 2.611813545227050781e-01
2.132753133773803711e-01 8.248481750488281250e-01
9.847525954246520996e-01 6.762377619743347168e-01
3.582890033721923828e-01 3.613622486591339111e-01
9.944933652877807617e-02 3.591094315052032471e-01
2.991866767406463623e-01 5.094008445739746094e-01
2.884570956230163574e-01 8.250033855438232422e-01
3.852529078722000122e-02 4.309796988964080811e-01
4.077873229980468750e-01 9.010940790176391602e-01
1.644934713840484619e-01 1.554484814405441284e-01
7.851921319961547852e-01 4.104836881160736084e-01
4.837670922279357910e-01 3.686456382274627686e-01
9.594319462776184082e-01 1.870117783546447754e-01
6.025046110153198242e-01 1.378644704818725586e-01
2.528889775276184082e-01 3.541436791419982910e-01
4.998551905155181885e-01 7.197386622428894043e-01
2.224989533424377441e-01 7.563692927360534668e-01
9.840739965438842773e-01 9.164169430732727051e-01
5.593832135200500488e-01 5.341130495071411133e-01
6.749766469001770020e-01 2.707219123840332031e-01
1.369630396366119385e-01 7.077589631080627441e-01
5.447106361389160156e-01 4.654844403266906738e-01
3.018779456615447998e-01 6.952742338180541992e-01
2.304005026817321777e-01 3.203620314598083496e-01
9.098576903343200684e-01 6.146189570426940918e-01
7.007350921630859375e-01 7.084927558898925781e-01
9.828500151634216309e-01 3.347263336181640625e-01
7.532064318656921387e-01 8.871271610260009766e-01
5.209543704986572266e-01 2.273219227790832520e-01
7.845361232757568359e-01 2.497108429670333862e-01
7.256894558668136597e-02 7.355475425720214844e-01
9.861765056848526001e-02 8.150535821914672852e-01
2.977209091186523438e-01 1.970035023987293243e-02
3.033333122730255127e-01 8.893280029296875000e-01
1.128460317850112915e-01 1.876895432360470295e-03
8.474208712577819824e-01 6.403636336326599121e-01
4.492556154727935791e-01 4.245239309966564178e-03
7.087591290473937988e-01 6.572256088256835938e-01
6.016889810562133789e-01 4.773359298706054688e-01
5.307801365852355957e-01 6.616889834403991699e-01
7.951939105987548828e-01 1.324176490306854248e-01
3.827909231185913086e-01 4.794888794422149658e-01
1.951284706592559814e-03 4.512998163700103760e-01
5.662229061126708984e-01 8.351113200187683105e-01
7.865893840789794922e-01 8.023596405982971191e-01
7.470808029174804688e-01 7.571346759796142578e-01
0.000000000000000000e+00 1.441736891865730286e-02
3.290841281414031982e-01 5.464105010032653809e-01
8.961826562881469727e-01 9.952846765518188477e-01
7.280616164207458496e-01 9.591846913099288940e-02
5.998343229293823242e-01 7.836071252822875977e-01
6.841421127319335938e-01 3.574411571025848389e-02
5.667778849601745605e-01 9.226402640342712402e-01
6.814818978309631348e-01 5.120689272880554199e-01
5.171950459480285645e-01 7.067183256149291992e-01
5.182920694351196289e-01 1.816363781690597534e-01
1.188696697354316711e-01 3.308162093162536621e-01
2.223182767629623413e-01 1.354588270187377930e-01
4.367291927337646484e-02 5.995462536811828613e-01
6.363485008478164673e-03 8.259181976318359375e-01
4.244517385959625244e-01 7.662011981010437012e-01
2.384538650512695312e-01 2.483910322189331055e-01
3.948914408683776855e-01 2.657144367694854736e-01
3.836506307125091553e-01 5.603760480880737305e-01
1.925516724586486816e-01 8.846966624259948730e-01
9.560992717742919922e-01 8.676015138626098633e-01
8.268384933471679688e-01 3.109849691390991211e-01
5.230684876441955566e-01 1.317648440599441528e-01
4.053341150283813477e-01 8.253962397575378418e-01
2.405649274587631226e-01 1.170518398284912109e-01
9.384611845016479492e-01 4.712800979614257812e-01
8.457055091857910156e-01 8.188093900680541992e-01
8.271943926811218262e-01 4.944779872894287109e-01
6.340432167053222656e-01 1.782559156417846680e-01
1.866322457790374756e-01 2.086732983589172363e-01
4.963814467191696167e-02 9.548547863960266113e-01
5.187495350837707520e-01 2.694966793060302734e-01
4.407060146331787109e-01 9.119399636983871460e-02
3.991623520851135254e-01 3.152819573879241943e-01
6.112825274467468262e-01 9.725705385208129883e-01
5.415790155529975891e-02 7.590156048536300659e-02
8.267260193824768066e-01 6.194109916687011719e-01
2.730979621410369873e-01 6.234704256057739258e-01
3.791784644126892090e-01 8.328718692064285278e-02
1.126694232225418091e-01 1.726929992437362671e-01
9.684674143791198730e-01 5.815341323614120483e-02
1.753965765237808228e-01 6.204719543457031250e-01
3.065882623195648193e-01 1.478362977504730225e-01
3.897889256477355957e-01 6.590819954872131348e-01
8.930229544639587402e-01 8.855975866317749023e-01
1.386368423700332642e-01 9.182126522064208984e-01
1.825655102729797363e-01 4.439926147460937500e-01
4.013732969760894775e-01 8.657728433609008789e-01
6.347835659980773926e-01 8.702605962753295898e-01
2.800766006112098694e-02 2.429036647081375122e-01
7.839480042457580566e-01 5.487031936645507812e-01
8.975101113319396973e-01 2.142397165298461914e-01
1.616392731666564941e-01 9.714500904083251953e-01
9.574183821678161621e-01 9.689526557922363281e-01
8.534172773361206055e-01 1.572954207658767700e-01
4.862238168716430664e-01 7.841141819953918457e-01
4.287199676036834717e-01 9.117380976676940918e-01
5.762930512428283691e-01 6.468280553817749023e-01
5.952003598213195801e-01 6.424121856689453125e-01
2.336660176515579224e-01 3.157588094472885132e-02
8.441573381423950195e-01 8.669559359550476074e-01
4.829185903072357178e-01 9.623034000396728516e-01
4.885342717170715332e-01 8.358474373817443848e-01
2.630110979080200195e-01 9.110686779022216797e-01
6.959378719329833984e-01 3.118255436420440674e-01
3.298885524272918701e-01 7.488216757774353027e-01
4.096623882651329041e-02 4.982533156871795654e-01
5.637381076812744141e-01 4.839326143264770508e-01
8.207623362541198730e-01 3.412567451596260071e-02
8.051095604896545410e-01 9.382312744855880737e-02
8.413617014884948730e-01 5.619123578071594238e-01
6.682738661766052246e-01 9.261302351951599121e-01
2.328573912382125854e-01 4.996807873249053955e-01
9.133392572402954102e-01 7.818318605422973633e-01
9.122303724288940430e-01 3.604372218251228333e-02
1.987170893698930740e-03 4.091523885726928711e-01
3.305713832378387451e-01 9.942091703414916992e-01
8.463732004165649414e-01 6.973832249641418457e-01
7.885122299194335938e-02 8.872445225715637207e-01
3.640045821666717529e-01 2.428804188966751099e-01
4.298483133316040039e-01 5.083773732185363770e-01
3.979255259037017822e-01 1.705602854490280151e-01
8.456209301948547363e-01 9.596575498580932617e-01
9.417112469673156738e-01 8.233482241630554199e-01
1.559531986713409424e-01 8.105276226997375488e-01
7.454385757446289062e-01 3.291849493980407715e-01
8.644568175077438354e-02 6.600597500801086426e-01
9.250354170799255371e-01 1.005644351243972778e-01
1.089378148317337036e-01 5.709647536277770996e-01
5.513040423393249512e-01 1.994239836931228638e-01
9.578855037689208984e-01 6.309943795204162598e-01
6.761134266853332520e-01 1.033341214060783386e-01
1.763206720352172852e-01 7.361795902252197266e-01
2.248797565698623657e-03 1.366712898015975952e-01
5.462009310722351074e-01 6.759223341941833496e-01
8.272747397422790527e-01 4.641234576702117920e-01
7.782047986984252930e-01 9.257850050926208496e-01
7.175356615334749222e-03 9.085333347320556641e-01
4.956233799457550049e-01 9.230532646179199219e-01
6.330682635307312012e-01 2.437479496002197266e-01
9.129166007041931152e-01 5.524533390998840332e-01
4.137528538703918457e-01 5.986964702606201172e-01
3.444229364395141602e-01 8.544106483459472656e-01
4.177092313766479492e-01 6.712489128112792969e-01
8.237343430519104004e-01 7.757704854011535645e-01
7.324280142784118652e-01 2.285165488719940186e-01
7.947213947772979736e-02 3.926492035388946533e-01
7.546645998954772949e-01 1.142818927764892578e-01
3.084351718425750732e-01 1.827571243047714233e-01
2.671378850936889648e-01 8.097751736640930176e-01
9.781612157821655273e-01 7.299072742462158203e-01
5.888912677764892578e-01 3.961586058139801025e-01
5.816446542739868164e-01 7.504170536994934082e-01
2.816649079322814941e-01 9.405962228775024414e-01
5.228287577629089355e-01 3.176136612892150879e-01
3.529309928417205811e-01 4.056977108120918274e-02
5.197784900665283203e-01 4.264595508575439453e-01
2.083057761192321777e-01 9.746314883232116699e-01
6.053487062454223633e-01 3.291896730661392212e-02
1.904465109109878540e-01 1.094534993171691895e-01
7.889896035194396973e-01 3.132027983665466309e-01
1.020378619432449341e-01 5.139454603195190430e-01
3.234493732452392578e-02 8.733130097389221191e-01
3.975109159946441650e-01 7.119286060333251953e-01
1.670827269554138184e-01 5.675777792930603027e-01
6.087273359298706055e-01 7.174021601676940918e-01
8.918458223342895508e-01 3.847677409648895264e-01
6.718811392784118652e-01 8.251177668571472168e-01
9.958687424659729004e-01 2.042817026376724243e-01
6.200803816318511963e-02 2.095174044370651245e-01
1.737105846405029297e-01 6.272007524967193604e-02
7.303436398506164551e-01 9.918521046638488770e-01
9.740845561027526855e-01 8.968275040388107300e-02
2.615936994552612305e-01 5.595425963401794434e-01
6.713461279869079590e-01 1.613697707653045654e-01
8.839776515960693359e-01 3.416865766048431396e-01
4.981675148010253906e-01 2.232506275177001953e-01
7.080143690109252930e-01 6.124617159366607666e-02
3.647424280643463135e-01 5.004320144653320312e-01
5.647860467433929443e-02 3.252601325511932373e-01
7.476983070373535156e-01 1.612805873155593872e-01
1.502235680818557739e-01 2.983467280864715576e-01
7.871506810188293457e-01 6.561549901962280273e-01
9.501896500587463379e-01 2.604328095912933350e-01
5.993708968162536621e-01 4.632042348384857178e-01
8.013138771057128906e-01 5.349887013435363770e-01
8.665345311164855957e-01 6.128299236297607422e-01
1.358601450920104980e-01 4.026786386966705322e-01
7.240501046180725098e-01 3.557899594306945801e-01
9.883256256580352783e-02 7.356709241867065430e-01
4.133733510971069336e-01 6.443710923194885254e-01
8.459194302558898926e-01 1.980074793100357056e-01
7.175384163856506348e-01 8.574761152267456055e-01
2.405630052089691162e-01 7.866100668907165527e-01
9.955189190804958344e-03 7.173923850059509277e-01
2.761781513690948486e-01 3.357663452625274658e-01
5.691232681274414062e-01 1.361636966466903687e-01
2.584048509597778320e-01 9.829688072204589844e-01
9.100387990474700928e-02 9.174445271492004395e-01
8.765061497688293457e-01 6.665119528770446777e-02
4.175241291522979736e-01 4.009010493755340576e-01
3.035244531929492950e-03 7.114378213882446289e-01
8.643586039543151855e-01 4.710352122783660889e-01
4.189387261867523193e-01 9.576281905174255371e-01
9.328462481498718262e-01 9.009195566177368164e-01
1.768966913223266602e-01 8.578146100044250488e-01
2.700663805007934570e-01 2.495490163564682007e-01
7.635520100593566895e-01 7.015102505683898926e-01
2.465524375438690186e-01 2.155044674873352051e-01
1.677769050002098083e-02 9.407796263694763184e-01
3.701677024364471436e-01 1.662925034761428833e-01
1.905799359083175659e-01 5.144189000129699707e-01
6.351773440837860107e-02 9.918967485427856445e-01
2.643047273159027100e-01 7.284825444221496582e-01
6.262933611869812012e-01 2.867089807987213135e-01
9.896438717842102051e-01 5.482947230339050293e-01
5.823895335197448730e-01 8.822829723358154297e-01
2.242953181266784668e-01 3.902469873428344727e-01
5.101853981614112854e-02 7.185023427009582520e-01
9.002823233604431152e-01 6.793166995048522949e-01
3.036977052688598633e-01 7.898458242416381836e-01
3.269254565238952637e-01 1.130797863006591797e-01
1.529358094558119774e-03 5.521399378776550293e-01
6.980943083763122559e-01 6.899381875991821289e-01
9.716339707374572754e-01 5.372661352157592773e-01
6.109125167131423950e-02 7.863065004348754883e-01
7.941854000091552734e-01 8.942136168479919434e-01
5.463352799415588379e-01 1.539994478225708008e-01
3.501143455505371094e-01 6.791045665740966797e-01
6.452721953392028809e-01 7.940009832382202148e-01
7.371079921722412109e-01 5.504732728004455566e-01
6.343822479248046875e-01 6.348039954900741577e-02
1.716085225343704224e-01 2.812700569629669189e-01
6.593095660209655762e-01 8.914006948471069336e-01
7.478318214416503906e-01 6.076396703720092773e-01
9.903258681297302246e-01 8.120620846748352051e-01
8.188744783401489258e-01 2.991734743118286133e-01
5.746040940284729004e-01 6.132824420928955078e-01
8.801128864288330078e-01 1.075386703014373779e-01
1.350590735673904419e-01 2.204716205596923828e-01
6.643805503845214844e-01 8.563353419303894043e-01
9.219403862953186035e-01 6.646574139595031738e-01
9.940955638885498047e-01 1.485168635845184326e-01
2.398958802223205566e-02 9.927155375480651855e-01
3.568269014358520508e-01 8.843413591384887695e-01
2.184746861457824707e-01 7.504399865865707397e-02
5.561864376068115234e-01 5.873958468437194824e-01
2.515105605125427246e-01 4.586247503757476807e-01
9.513428062200546265e-02 8.624655008316040039e-01
1.430098712444305420e-01 2.172629684209823608e-01
7.641596198081970215e-01 8.558307886123657227e-01
1.783345639705657959e-01 3.126483559608459473e-01
9.932472705841064453e-01 3.700509071350097656e-01
3.402158021926879883e-01 7.137301564216613770e-01
3.790698945522308350e-01 1.181197166442871094e-01
7.429783940315246582e-01 2.419782280921936035e-01
3.367491364479064941e-01 3.573842644691467285e-01
2.897318303585052490e-01 1.537791043519973755e-01
3.968037664890289307e-01 5.334579348564147949e-01
7.763965725898742676e-01 6.273598223924636841e-02
8.296424746513366699e-01 9.957194924354553223e-01
8.501365184783935547e-01 3.887058794498443604e-01
4.413848221302032471e-01 3.971018493175506592e-01
8.230726122856140137e-01 4.031738042831420898e-01
1.548545621335506439e-02 2.861430048942565918e-01
2.591015696525573730e-01 4.532231390476226807e-01
7.053514719009399414e-01 7.865247130393981934e-01
3.340306282043457031e-01 2.670369744300842285e-01
6.884503960609436035e-01 7.032406516373157501e-03
4.724823832511901855e-01 1.207193732261657715e-01
5.110737681388854980e-01 5.699552297592163086e-01
5.921654105186462402e-01 1.504834890365600586e-01
3.372601866722106934e-01 8.194228410720825195e-01
8.223615586757659912e-02 3.820392489433288574e-02
4.716312587261199951e-01 4.428363218903541565e-02
8.998261094093322754e-01 7.399023771286010742e-01
4.506338238716125488e-01 2.291310727596282959e-01
4.446145892143249512e-01 9.955677390098571777e-01
7.087434530258178711e-01 9.039369225502014160e-01
4.950402975082397461e-01 8.539010882377624512e-01
8.859475255012512207e-01 2.728192508220672607e-01
9.146952033042907715e-01 4.881771504878997803e-01
5.456827878952026367e-01 4.955924451351165771e-01
4.236303567886352539e-01 1.090475395321846008e-01
6.527331471443176270e-01 5.683559775352478027e-01
7.086843252182006836e-01 9.249687194824218750e-03
6.272795796394348145e-01 7.252380847930908203e-01
9.293419718742370605e-01 3.181497752666473389e-01
4.964500069618225098e-01 1.473262161016464233e-01
9.914980530738830566e-01 9.983876943588256836e-01
7.020245492458343506e-02 6.274135708808898926e-01
7.546757459640502930e-01 6.455383300781250000e-01
7.869369983673095703e-01 7.989098317921161652e-03
2.300481200218200684e-01 8.613946437835693359e-01
7.595266699790954590e-01 2.043623477220535278e-01
4.922419190406799316e-01 8.027144670486450195e-01
7.185384035110473633e-01 2.815975844860076904e-01
4.288129508495330811e-02 1.651914119720458984e-01
2.971344292163848877e-01 8.592963218688964844e-01
5.666216015815734863e-01 9.925251603126525879e-01
9.361503720283508301e-01 1.322161853313446045e-01
1.486784517765045166e-01 1.222577989101409912e-01
9.928266406059265137e-01 7.692869901657104492e-01
6.503548026084899902e-01 3.178436458110809326e-01
1.283933222293853760e-01 4.320535361766815186e-01
2.886776328086853027e-01 6.845215708017349243e-02
2.261082977056503296e-01 9.018213748931884766e-01
9.398506879806518555e-01 5.332086086273193359e-01
8.782884106040000916e-03 4.760944470763206482e-02
4.103611707687377930e-01 3.282865583896636963e-01
9.178451895713806152e-01 8.672224283218383789e-01
5.427403450012207031e-01 6.214962005615234375e-01
3.447118401527404785e-01 2.023743838071823120e-01
8.772695660591125488e-01 9.326789975166320801e-01
9.823918938636779785e-01 4.175775349140167236e-01
2.866317285224795341e-03 7.395776510238647461e-01
9.188860058784484863e-01 9.724593162536621094e-01
9.372161030769348145e-01 7.427611947059631348e-01
4.769909679889678955e-01 3.773622810840606689e-01
7.842898368835449219e-01 7.531181573867797852e-01
7.078951597213745117e-02 6.299450993537902832e-01
6.456649899482727051e-01 9.431467652320861816e-01
3.903891444206237793e-01 5.280405282974243164e-01
9.184171557426452637e-01 2.246984690427780151e-01
2.446562945842742920e-01 9.437760710716247559e-01
1.481703370809555054e-01 4.159861803054809570e-02
3.295405507087707520e-01 5.565947294235229492e-01
1.506294012069702148e-01 1.324713379144668579e-01
3.429063856601715088e-01 9.897628426551818848e-01
8.152940869331359863e-01 2.286155819892883301e-01
5.196505188941955566e-01 7.434057593345642090e-01
6.968064308166503906e-01 1.160615310072898865e-01
8.941940069198608398e-01 3.866983652114868164e-01
6.158956289291381836e-01 7.430939078330993652e-01
8.081024289131164551e-01 1.050619110465049744e-01
6.064751744270324707e-01 6.010129451751708984e-01
1.977210864424705505e-02 1.035236120223999023e-01
9.261195659637451172e-01 8.611158467829227448e-03
7.184129357337951660e-01 1.540434509515762329e-01
8.860628604888916016e-01 8.030124902725219727e-01
9.935807585716247559e-01 6.132522821426391602e-01
1.857890635728836060e-01 7.800833582878112793e-01
5.986199378967285156e-01 2.135071307420730591e-01
8.937687277793884277e-01 4.943605065345764160e-01
6.633591055870056152e-01 1.334230005741119385e-01
1.509440690279006958e-01 9.923425912857055664e-01
3.599149286746978760e-01 4.410437121987342834e-02
5.324174165725708008e-01 8.134982585906982422e-01
4.169552624225616455e-01 6.628993749618530273e-01
5.221534371376037598e-01 3.055021762847900391e-01
4.580156207084655762e-01 3.166200518608093262e-01
4.039125442504882812e-01 7.078260779380798340e-01
3.908606618642807007e-02 3.643237352371215820e-01
2.989319264888763428e-01 7.413184642791748047e-01
4.631072580814361572e-01 8.960923552513122559e-01
6.988607347011566162e-02 6.936452984809875488e-01
5.071615576744079590e-01 8.891553878784179688e-01
2.197241038084030151e-01 2.650140551850199699e-03
8.124545216560363770e-01 9.514467716217041016e-01
1.431457549333572388e-01 8.510950803756713867e-01
2.172892391681671143e-01 3.447638750076293945e-01
8.820320367813110352e-01 1.720481067895889282e-01
6.305949091911315918e-01 1.027253866195678711e-01
2.422001510858535767e-01 2.903181612491607666e-01
1.338179036974906921e-02 4.665616154670715332e-01
8.108012676239013672e-01 5.493900775909423828e-01
4.619978070259094238e-01 3.114957213401794434e-01
6.525328755378723145e-01 6.454302072525024414e-01
4.572317004203796387e-01 3.277678787708282471e-01
5.463422536849975586e-01 5.099015235900878906e-01
1.879200041294097900e-01 1.350213587284088135e-01
3.591867685317993164e-01 9.149825572967529297e-01
1.450880467891693115e-01 1.656648218631744385e-01
9.961053729057312012e-01 9.539823532104492188e-01
8.227005004882812500e-01 7.321797013282775879e-01
9.403747916221618652e-01 4.654811322689056396e-02
1.757559776306152344e-01 6.700718402862548828e-01
7.605259418487548828e-01 9.704237580299377441e-01
4.547828733921051025e-01 2.112409770488739014e-01
7.584442496299743652e-01 4.118737280368804932e-01
1.024944931268692017e-01 7.661183476448059082e-01
7.929011583328247070e-01 6.649385094642639160e-01
5.826011896133422852e-01 1.610790342092514038e-01
7.071975469589233398e-01 7.520470023155212402e-01
5.382676124572753906e-01 9.923241138458251953e-01
8.131570816040039062e-01 8.217715620994567871e-01
2.357604801654815674e-01 6.325887441635131836e-01
9.931228756904602051e-01 8.785277009010314941e-01
8.545268177986145020e-01 4.240207374095916748e-01
6.041254997253417969e-01 9.376631975173950195e-01
6.120361089706420898e-01 1.778937131166458130e-01
8.131890892982482910e-01 8.740757107734680176e-01
4.395742118358612061e-01 5.600448846817016602e-01
8.130377531051635742e-01 6.783616542816162109e-01
1.318349093198776245e-01 3.112130761146545410e-01
1.379231363534927368e-01 6.609908938407897949e-01
2.796979621052742004e-03 2.955934405326843262e-01
3.621781468391418457e-01 7.410650253295898438e-01
1.520428806543350220e-01 1.878009587526321411e-01
8.080639243125915527e-01 7.778739929199218750e-02
6.835604310035705566e-01 2.350420653820037842e-01
8.091376423835754395e-01 3.944357037544250488e-01
3.925308287143707275e-01 6.486175656318664551e-01
4.385049939155578613e-01 7.422273159027099609e-01
7.601472735404968262e-01 9.107041358947753906e-02
8.181318044662475586e-01 5.957463383674621582e-01
8.240980654954910278e-02 4.885996878147125244e-01
3.800700604915618896e-02 8.155817389488220215e-01
3.393499553203582764e-01 3.907907009124755859e-01
4.777501225471496582e-01 6.205195188522338867e-01
9.750696420669555664e-01 1.567603796720504761e-01
2.136803716421127319e-01 1.529980599880218506e-01
6.761541366577148438e-01 2.067315131425857544e-01
8.316034078598022461e-01 1.338889449834823608e-01
1.751670986413955688e-01 2.410627454519271851e-01
5.033457875251770020e-01 7.563265562057495117e-01
5.935916900634765625e-01 7.282865643501281738e-01
2.789361476898193359e-01 8.363156318664550781e-01
9.054944850504398346e-03 5.285260081291198730e-01
8.676952719688415527e-01 6.731340885162353516e-01
4.101840779185295105e-02 4.806157350540161133e-01
1.375571191310882568e-01 9.477497935295104980e-01
7.041798233985900879e-01 9.588647484779357910e-01
4.614219665527343750e-01 1.641576588153839111e-01
1.139652281999588013e-01 9.920077323913574219e-01
9.427154064178466797e-01 5.901572704315185547e-01
2.961894683539867401e-02 6.348813176155090332e-01
