8.137689530849456787e-02 9.307692646980285645e-01
8.562687784433364868e-02 8.822318911552429199e-01
1.302516758441925049e-01 8.870856165885925293e-01
1.685014963150024414e-01 9.210617542266845703e-01
1.472515910863876343e-01 8.215601444244384766e-01
1.047517880797386169e-01 8.191332817077636719e-01
8.350188285112380981e-02 7.778764963150024414e-01
1.026268005371093750e-01 7.341928482055664062e-01
1.472515910863876343e-01 7.366197109222412109e-01
1.748764663934707642e-01 6.856554746627807617e-01
1.323766708374023438e-01 6.735211014747619629e-01
9.412683546543121338e-02 6.686673760414123535e-01
9.625183045864105225e-02 6.128493547439575195e-01
1.430016160011291504e-01 6.152762770652770996e-01
1.472515910863876343e-01 5.376164317131042480e-01
9.625183045864105225e-02 5.473239421844482422e-01
9.412683546543121338e-02 5.157746672630310059e-01
1.302516758441925049e-01 4.720910191535949707e-01
1.642515212297439575e-01 4.284073710441589355e-01
1.366266459226608276e-01 3.798699676990509033e-01
9.625183045864105225e-02 3.774431049823760986e-01
8.137689530849456787e-02 4.186998903751373291e-01
1.217517107725143433e-01 2.876489162445068359e-01
7.500192523002624512e-02 2.827952206134796143e-01
1.132517457008361816e-01 2.051354050636291504e-01
1.791264414787292480e-01 2.682339847087860107e-01
1.515015810728073120e-01 1.711592227220535278e-01
1.196267157793045044e-01 1.468905210494995117e-01
7.287693023681640625e-02 1.614517420530319214e-01
1.345016509294509888e-01 1.007800102233886719e-01
3.193758130073547363e-01 9.089274406433105469e-01
3.427506983280181885e-01 8.725243806838989258e-01
3.767505586147308350e-01 8.895124793052673340e-01
4.277503192424774170e-01 9.040737152099609375e-01
4.235003292560577393e-01 8.167064189910888672e-01
3.937504887580871582e-01 8.312676548957824707e-01
3.661256134510040283e-01 7.851570844650268555e-01
3.321257531642913818e-01 7.997183203697204590e-01
3.406257331371307373e-01 7.269122004508972168e-01
3.895004987716674805e-01 7.390465736389160156e-01
4.150003790855407715e-01 7.560346722602844238e-01
4.192503690719604492e-01 6.759479641914367676e-01
3.831255435943603516e-01 6.880823373794555664e-01
3.788755536079406738e-01 6.298375129699707031e-01
3.321257531642913818e-01 6.395449638366699219e-01
3.448756933212280273e-01 5.861538052558898926e-01
3.725005686283111572e-01 5.254821181297302246e-01
4.043754339218139648e-01 5.206283926963806152e-01
4.128754138946533203e-01 5.885807275772094727e-01
4.001254439353942871e-01 3.240519762039184570e-01
3.767505586147308350e-01 4.987865686416625977e-01
3.363757431507110596e-01 5.012134313583374023e-01
3.406257331371307373e-01 4.720910191535949707e-01
4.128754138946533203e-01 4.648103713989257812e-01
3.980004489421844482e-01 4.186998903751373291e-01
3.767505586147308350e-01 4.089924097061157227e-01
3.788755536079406738e-01 3.653087615966796875e-01
3.533756732940673828e-01 2.900758087635040283e-01
3.215008080005645752e-01 2.973564267158508301e-01
3.278757929801940918e-01 3.798699676990509033e-01
3.937504887580871582e-01 2.512458860874176025e-01
3.725005686283111572e-01 2.124159932136535645e-01
3.895004987716674805e-01 1.638786196708679199e-01
3.108758628368377686e-01 1.614517420530319214e-01
4.341253042221069336e-01 1.299024522304534912e-01
3.767505586147308350e-01 1.177680939435958862e-01
5.722496509552001953e-01 9.210617542266845703e-01
5.998744964599609375e-01 8.725243806838989258e-01
6.253743767738342285e-01 9.089274406433105469e-01
6.678742170333862305e-01 8.943662047386169434e-01
6.529992818832397461e-01 8.167064189910888672e-01
5.913745760917663574e-01 8.118526339530944824e-01
5.956245660781860352e-01 7.439003586769104004e-01
6.466243267059326172e-01 7.511808872222900391e-01
6.593742370605468750e-01 6.977897882461547852e-01
6.083744764328002930e-01 6.856554746627807617e-01
6.317493319511413574e-01 6.249837279319763184e-01
6.742491722106933594e-01 6.177031397819519043e-01
6.763741374015808105e-01 5.473239421844482422e-01
6.104994416236877441e-01 5.813000798225402832e-01
6.168744564056396484e-01 5.254821181297302246e-01
6.083744764328002930e-01 4.478223323822021484e-01
5.786246061325073242e-01 4.696641266345977783e-01
5.934995412826538086e-01 3.798699676990509033e-01
6.551242470741271973e-01 4.551029205322265625e-01
6.848741173744201660e-01 4.138461351394653320e-01
6.529992818832397461e-01 3.871505856513977051e-01
6.657491922378540039e-01 3.119176328182220459e-01
6.296243667602539062e-01 3.240519762039184570e-01
5.871245861053466797e-01 2.900758087635040283e-01
5.998744964599609375e-01 2.512458860874176025e-01
6.657491922378540039e-01 2.633802592754364014e-01
6.891241073608398438e-01 2.245503365993499756e-01
6.444993019104003906e-01 2.294040620326995850e-01
6.572492718696594238e-01 1.614517420530319214e-01
5.956245660781860352e-01 1.638786196708679199e-01
5.934995412826538086e-01 8.621879667043685913e-02
6.317493319511413574e-01 9.592626988887786865e-02
6.636242270469665527e-01 6.437697261571884155e-02
6.933740973472595215e-01 1.177680939435958862e-01
8.442484140396118164e-01 9.162080287933349609e-01
8.676233291625976562e-01 8.749512434005737305e-01
8.952481746673583984e-01 8.967930674552917480e-01
9.271230101585388184e-01 9.162080287933349609e-01
9.122481346130371094e-01 8.361213207244873047e-01
8.421233892440795898e-01 8.264138698577880859e-01
8.697482943534851074e-01 7.924377322196960449e-01
8.867481946945190430e-01 7.341928482055664062e-01
9.292480349540710449e-01 7.293391227722167969e-01
9.271230101585388184e-01 6.274106502532958984e-01
8.293734788894653320e-01 6.953629255294799805e-01
8.739982843399047852e-01 6.808017492294311523e-01
8.697482943534851074e-01 5.934344530105590820e-01
8.336234688758850098e-01 6.152762770652770996e-01
8.506233692169189453e-01 5.473239421844482422e-01
9.186230897903442383e-01 5.521776676177978516e-01
9.143730998039245605e-01 4.551029205322265625e-01
8.527483344078063965e-01 4.745178818702697754e-01
8.463733792304992676e-01 4.211267530918121338e-01
8.782482743263244629e-01 4.065655171871185303e-01
8.952481746673583984e-01 3.507475256919860840e-01
9.356229901313781738e-01 3.556012809276580811e-01
9.164981245994567871e-01 2.730877101421356201e-01
8.569983839988708496e-01 3.119176328182220459e-01
8.824982047080993652e-01 2.633802592754364014e-01
8.569983839988708496e-01 2.245503365993499756e-01
8.718732595443725586e-01 1.541711390018463135e-01
9.122481346130371094e-01 1.541711390018463135e-01
9.249980449676513672e-01 9.349940717220306396e-02
8.739982843399047852e-01 1.104874908924102783e-01
8.399984240531921387e-01 9.592626988887786865e-02
3.151258230209350586e-01 8.136505633592605591e-02
4.447502493858337402e-01 7.408444583415985107e-02
1.855014264583587646e-01 7.651131600141525269e-02
6.437697261571884155e-02 7.893818616867065430e-02
3.746255636215209961e-01 9.356229901313781738e-01
1.238767057657241821e-01 9.331961274147033691e-01
8.909981846809387207e-01 9.210617542266845703e-01
